8.445023894309997559e-01 8.147627115249633789e-01 8.164582252502441406e-01 8.164455294609069824e-01 8.119847178459167480e-01 8.141219019889831543e-01 8.071025013923645020e-01 8.111916184425354004e-01 7.994775772094726562e-01 8.045930862426757812e-01
8.774077296257019043e-01 8.736926913261413574e-01 8.553852438926696777e-01 8.592681884765625000e-01 8.614518046379089355e-01 8.615972399711608887e-01 8.585552573204040527e-01 8.679549098014831543e-01 8.515169620513916016e-01 8.489121794700622559e-01
9.010834693908691406e-01 8.911907076835632324e-01 8.878580331802368164e-01 8.876155614852905273e-01 8.908103704452514648e-01 8.895594477653503418e-01 8.835754394531250000e-01 8.862721323966979980e-01 8.834639191627502441e-01 8.777195811271667480e-01
9.147271513938903809e-01 9.106999635696411133e-01 9.035901427268981934e-01 9.109368324279785156e-01 9.010657072067260742e-01 9.042446017265319824e-01 9.041565656661987305e-01 9.064009785652160645e-01 9.005424380302429199e-01 8.976631760597229004e-01
9.261637330055236816e-01 9.187449812889099121e-01 9.189189076423645020e-01 9.244068861007690430e-01 9.203699827194213867e-01 9.177228212356567383e-01 9.108151197433471680e-01 9.208937287330627441e-01 9.134016036987304688e-01 9.137791991233825684e-01
9.313803911209106445e-01 9.267900586128234863e-01 9.286002516746520996e-01 9.254121184349060059e-01 9.290166497230529785e-01 9.259706139564514160e-01 9.251412153244018555e-01 9.287439584732055664e-01 9.252561330795288086e-01 9.210314154624938965e-01
9.398073554039001465e-01 9.344328641891479492e-01 9.332392215728759766e-01 9.362685680389404297e-01 9.398753046989440918e-01 9.358277916908264160e-01 9.368442296981811523e-01 9.410225749015808105e-01 9.346995949745178223e-01 9.290894269943237305e-01
9.414125084877014160e-01 9.392598867416381836e-01 9.344493746757507324e-01 9.358664751052856445e-01 9.412829279899597168e-01 9.418628215789794922e-01 9.418885707855224609e-01 9.454509019851684570e-01 9.377134442329406738e-01 9.373489022254943848e-01
9.482343792915344238e-01 9.404666423797607422e-01 9.374747872352600098e-01 9.416968226432800293e-01 9.461089372634887695e-01 9.448803067207336426e-01 9.457223415374755859e-01 9.506843686103820801e-01 9.437412023544311523e-01 9.405721426010131836e-01
9.498394727706909180e-01 9.416733980178833008e-01 9.407019019126892090e-01 9.431041479110717773e-01 9.489241838455200195e-01 9.509153366088867188e-01 9.459241032600402832e-01 9.543075561523437500e-01 9.479606151580810547e-01 9.452054500579833984e-01
