8.054545521736145020e-01 8.145454525947570801e-01 7.842779159545898438e-01 8.153564929962158203e-01 7.937955856323242188e-01 7.682481408119201660e-01 7.399267554283142090e-01 7.572992444038391113e-01 7.857142686843872070e-01 7.610294222831726074e-01
8.709090948104858398e-01 9.018182158470153809e-01 8.829981684684753418e-01 9.031078815460205078e-01 8.832116723060607910e-01 8.704379200935363770e-01 8.516483306884765625e-01 8.740875720977783203e-01 8.919413685798645020e-01 8.529411554336547852e-01
9.000000357627868652e-01 9.145454764366149902e-01 8.957952857017517090e-01 9.323583245277404785e-01 9.178832173347473145e-01 8.978102207183837891e-01 8.846153616905212402e-01 9.069343209266662598e-01 9.010989069938659668e-01 8.915441036224365234e-01
9.090909361839294434e-01 9.254545569419860840e-01 9.122486710548400879e-01 9.433272480964660645e-01 9.215328097343444824e-01 9.160583615303039551e-01 9.139193892478942871e-01 9.105839133262634277e-01 9.212453961372375488e-01 9.191176295280456543e-01
9.109091162681579590e-01 9.363636374473571777e-01 9.195612668991088867e-01 9.670932888984680176e-01 9.397810101509094238e-01 9.215328097343444824e-01 9.157509207725524902e-01 9.178832173347473145e-01 9.304029345512390137e-01 9.283088445663452148e-01
9.145454764366149902e-01 9.363636374473571777e-01 9.177331328392028809e-01 9.561243653297424316e-01 9.562043547630310059e-01 9.397810101509094238e-01 9.267399311065673828e-01 9.397810101509094238e-01 9.340659379959106445e-01 9.301470518112182617e-01
9.200000166893005371e-01 9.454545378684997559e-01 9.268738627433776855e-01 9.579524993896484375e-01 9.543795585632324219e-01 9.343065619468688965e-01 9.358974099159240723e-01 9.470803141593933105e-01 9.523809552192687988e-01 9.411764740943908691e-01
9.327272772789001465e-01 9.436363577842712402e-01 9.378427863121032715e-01 9.652650952339172363e-01 9.598540067672729492e-01 9.397810101509094238e-01 9.358974099159240723e-01 9.580292105674743652e-01 9.560439586639404297e-01 9.411764740943908691e-01
9.236363768577575684e-01 9.509090781211853027e-01 9.451554417610168457e-01 9.616088271141052246e-01 9.653284549713134766e-01 9.470803141593933105e-01 9.304029345512390137e-01 9.580292105674743652e-01 9.578754901885986328e-01 9.485294222831726074e-01
9.254545569419860840e-01 9.599999785423278809e-01 9.341865181922912598e-01 9.689214229583740234e-01 9.653284549713134766e-01 9.452554583549499512e-01 9.432234764099121094e-01 9.598540067672729492e-01 9.578754901885986328e-01 9.503676295280456543e-01
